KEls: {{1080.000000, 270.000000, -1080.000000, 270.000000, },{270.000000, 90.000000, -270.000000, 45.000000, },{-1080.000000, -270.000000, 1080.000000, -270.000000, },{270.000000, 45.000000, -270.000000, 90.000000, },}
KElp: {{368.781296, 92.195324, -368.781296, 92.195324, },{92.195324, 30.731775, -92.195324, 15.365887, },{-368.781296, -92.195324, 368.781296, -92.195324, },{92.195324, 15.365887, -92.195324, 30.731775, },}
Mls: {{0.109339, 0.007710, 0.037848, -0.004556, },{0.007710, 0.000701, 0.004556, -0.000526, },{0.037848, 0.004556, 0.109339, -0.007710, },{-0.004556, -0.000526, -0.007710, 0.000701, },}
Mlp: {{0.018967, 0.001337, 0.006565, -0.000790, },{0.001337, 0.000122, 0.000790, -0.000091, },{0.006565, 0.000790, 0.018967, -0.001337, },{-0.000790, -0.000091, -0.001337, 0.000122, },}
Ks: {{1080.000000, 270.000000, -1080.000000, 270.000000, 0.000000, 0.000000, },{270.000000, 90.000000, -270.000000, 45.000000, 0.000000, 0.000000, },{-1080.000000, -270.000000, 2160.000000, 0.000000, -1080.000000, 270.000000, },{270.000000, 45.000000, 0.000000, 180.000000, -270.000000, 45.000000, },{0.000000, 0.000000, -1080.000000, -270.000000, 1080.000000, -270.000000, },{0.000000, 0.000000, 270.000000, 45.000000, -270.000000, 90.000000, },}
Kp: {{0.000000, 0.000000, 0.000000, 0.000000, 0.000000, 0.000000, },{0.000000, 0.000000, 0.000000, 0.000000, 0.000000, 0.000000, },{0.000000, 0.000000, 368.781296, 92.195324, -368.781296, 92.195324, },{0.000000, 0.000000, 92.195324, 30.731775, -92.195324, 15.365887, },{0.000000, 0.000000, -368.781296, -92.195324, 368.781296, -92.195324, },{0.000000, 0.000000, 92.195324, 15.365887, -92.195324, 30.731775, },}
Ms: {{0.109339, 0.007710, 0.037848, -0.004556, 0.000000, 0.000000, },{0.007710, 0.000701, 0.004556, -0.000526, 0.000000, 0.000000, },{0.037848, 0.004556, 0.218679, 0.000000, 0.037848, -0.004556, },{-0.004556, -0.000526, 0.000000, 0.001402, 0.004556, -0.000526, },{0.000000, 0.000000, 0.037848, 0.004556, 0.109339, -0.007710, },{0.000000, 0.000000, -0.004556, -0.000526, -0.007710, 0.000701, },}
Mp: {{0.000000, 0.000000, 0.000000, 0.000000, 0.000000, 0.000000, },{0.000000, 0.000000, 0.000000, 0.000000, 0.000000, 0.000000, },{0.000000, 0.000000, 0.018967, 0.001337, 0.006565, -0.000790, },{0.000000, 0.000000, 0.001337, 0.000122, 0.000790, -0.000091, },{0.000000, 0.000000, 0.006565, 0.000790, 0.018967, -0.001337, },{0.000000, 0.000000, -0.000790, -0.000091, -0.001337, 0.000122, },}
K: {{1080.000000, 270.000000, -1080.000000, 270.000000, 0.000000, 0.000000, },{270.000000, 90.000000, -270.000000, 45.000000, 0.000000, 0.000000, },{-1080.000000, -270.000000, 2528.781296, 92.195324, -1448.781296, 362.195324, },{270.000000, 45.000000, 92.195324, 210.731775, -362.195324, 60.365887, },{0.000000, 0.000000, -1448.781296, -362.195324, 1448.781296, -362.195324, },{0.000000, 0.000000, 362.195324, 60.365887, -362.195324, 120.731775, },}
M: {{0.109339, 0.007710, 0.037848, -0.004556, 0.000000, 0.000000, },{0.007710, 0.000701, 0.004556, -0.000526, 0.000000, 0.000000, },{0.037848, 0.004556, 0.237645, 0.001337, 0.044414, -0.005346, },{-0.004556, -0.000526, 0.001337, 0.001523, 0.005346, -0.000617, },{0.000000, 0.000000, 0.044414, 0.005346, 0.128306, -0.009047, },{0.000000, 0.000000, -0.005346, -0.000617, -0.009047, 0.000822, },}