P1: {{90, -270, 45, 0, 0, 0, },{-270, 2528.78, 92.1953, 362.195, 0, 0, },{45, 92.1953, 210.732, 60.3659, 1.60557e-07, -1.60557e-07, },{0, 362.195, 60.3659, 120.732, -1.60557e-07, 1.60557e-07, },{0, 0, 1.60557e-07, -1.60557e-07, -6.8633e-07, 6.8633e-07, },{0, 0, -1.60557e-07, 1.60557e-07, 6.8633e-07, -6.8633e-07, },}
P5: {0, 100, 0, 0, 0, 0, }