a0 = 253.303
a1 = 15.9155
a2 = 31.831
a3 = 1
a4 = 1
a5 = 0
a6 = 0.0628319
a7 = 0.0628319