KEls: {{1080.000000, 270.000000, -1080.000000, 270.000000, },{270.000000, 90.000000, -270.000000, 45.000000, },{-1080.000000, -270.000000, 1080.000000, -270.000000, },{270.000000, 45.000000, -270.000000, 90.000000, },}
Ks: {{1080.000000, 270.000000, -1080.000000, 270.000000, 0.000000, 0.000000, },{270.000000, 90.000000, -270.000000, 45.000000, 0.000000, 0.000000, },{-1080.000000, -270.000000, 2160.000000, 0.000000, -1080.000000, 270.000000, },{270.000000, 45.000000, 0.000000, 180.000000, -270.000000, 45.000000, },{0.000000, 0.000000, -1080.000000, -270.000000, 1080.000000, -270.000000, },{0.000000, 0.000000, 270.000000, 45.000000, -270.000000, 90.000000, },}
Mls: {{0.109339, 0.007710, 0.037848, -0.004556, },{0.007710, 0.000701, 0.004556, -0.000526, },{0.037848, 0.004556, 0.109339, -0.007710, },{-0.004556, -0.000526, -0.007710, 0.000701, },}
Ms: {{0.109339, 0.007710, 0.037848, -0.004556, 0.000000, 0.000000, },{0.007710, 0.000701, 0.004556, -0.000526, 0.000000, 0.000000, },{0.037848, 0.004556, 0.218679, 0.000000, 0.037848, -0.004556, },{-0.004556, -0.000526, 0.000000, 0.001402, 0.004556, -0.000526, },{0.000000, 0.000000, 0.037848, 0.004556, 0.109339, -0.007710, },{0.000000, 0.000000, -0.004556, -0.000526, -0.007710, 0.000701, },}
KElp: {{368.781296, 92.195324, -368.781296, 92.195324, },{92.195324, 30.731775, -92.195324, 15.365887, },{-368.781296, -92.195324, 368.781296, -92.195324, },{92.195324, 15.365887, -92.195324, 30.731775, },}
Kp: {{368.781296, 92.195324, -368.781296, 92.195324, 0.000000, 0.000000, },{92.195324, 30.731775, -92.195324, 15.365887, 0.000000, 0.000000, },{-368.781296, -92.195324, 737.562591, 0.000000, -368.781296, 92.195324, },{92.195324, 15.365887, 0.000000, 61.463549, -92.195324, 15.365887, },{0.000000, 0.000000, -368.781296, -92.195324, 368.781296, -92.195324, },{0.000000, 0.000000, 92.195324, 15.365887, -92.195324, 30.731775, },}
Mlp: {{0.018967, 0.001337, 0.006565, -0.000790, },{0.001337, 0.000122, 0.000790, -0.000091, },{0.006565, 0.000790, 0.018967, -0.001337, },{-0.000790, -0.000091, -0.001337, 0.000122, },}
Mp: {{0.018967, 0.001337, 0.006565, -0.000790, 0.000000, 0.000000, },{0.001337, 0.000122, 0.000790, -0.000091, 0.000000, 0.000000, },{0.006565, 0.000790, 0.037933, 0.000000, 0.006565, -0.000790, },{-0.000790, -0.000091, 0.000000, 0.000243, 0.000790, -0.000091, },{0.000000, 0.000000, 0.006565, 0.000790, 0.018967, -0.001337, },{0.000000, 0.000000, -0.000790, -0.000091, -0.001337, 0.000122, },}
K: {{1448.781296, 362.195324, -1448.781296, 362.195324, 0.000000, 0.000000, },{362.195324, 120.731775, -362.195324, 60.365887, 0.000000, 0.000000, },{-1448.781296, -362.195324, 2897.562591, 0.000000, -1448.781296, 362.195324, },{362.195324, 60.365887, 0.000000, 241.463549, -362.195324, 60.365887, },{0.000000, 0.000000, -1448.781296, -362.195324, 1448.781296, -362.195324, },{0.000000, 0.000000, 362.195324, 60.365887, -362.195324, 120.731775, },}
M: {{0.128306, 0.009047, 0.044414, -0.005346, 0.000000, 0.000000, },{0.009047, 0.000822, 0.005346, -0.000617, 0.000000, 0.000000, },{0.044414, 0.005346, 0.256612, 0.000000, 0.044414, -0.005346, },{-0.005346, -0.000617, 0.000000, 0.001645, 0.005346, -0.000617, },{0.000000, 0.000000, 0.044414, 0.005346, 0.128306, -0.009047, },{0.000000, 0.000000, -0.005346, -0.000617, -0.009047, 0.000822, },}
K_u_vp: {{0, 0, },{1.60557e-07, -1.60557e-07, },{0, -1.60557e-07, },{-1.60557e-07, 1.60557e-07, },}
K_u_v: {{0, 0, 0, },{1.60557e-07, -1.60557e-07, 0, },{0, -1.60557e-07, 0, },{-1.60557e-07, 3.21115e-07, -1.60557e-07, },{0, 0, -1.60557e-07, },{0, -1.60557e-07, 1.60557e-07, },}
K_v_vp: {{-6.8633e-07, 6.8633e-07, },{6.8633e-07, -6.8633e-07, },}
K_v_v: {{-6.8633e-07, 6.8633e-07, 0, },{6.8633e-07, -1.37266e-06, 6.8633e-07, },{0, 6.8633e-07, -6.8633e-07, },}
K_G: {{0, 0, 0, 0, 0, 0, 0, 0, 0, },{0, 120.732, -362.195, 60.3659, 0, 0, 1.60557e-07, -1.60557e-07, 0, },{0, -362.195, 2897.56, 0, 0, 362.195, 0, -1.60557e-07, 0, },{0, 60.3659, 0, 241.464, 0, 60.3659, -1.60557e-07, 3.21115e-07, -1.60557e-07, },{0, 0, 0, 0, 0, 0, 0, 0, 0, },{0, 0, 362.195, 60.3659, 0, 120.732, 0, -1.60557e-07, 1.60557e-07, },{0, 1.60557e-07, 0, -1.60557e-07, 0, 0, -6.8633e-07, 6.8633e-07, 0, },{0, -1.60557e-07, -1.60557e-07, 3.21115e-07, 0, -1.60557e-07, 6.8633e-07, -1.37266e-06, 6.8633e-07, },{0, 0, 0, 0, 0, 0, 0, 6.8633e-07, -6.8633e-07, },}
M_G: {{0, 0, 0, 0, 0, 0, 0, 0, 0, },{0, 0.000822473, 0.00534608, -0.000616855, 0, 0, 0, 0, 0, },{0, 0.00534608, 0.256612, 0, 0, -0.00534608, 0, 0, 0, },{0, -0.000616855, 0, 0.00164495, 0, -0.000616855, 0, 0, 0, },{0, 0, 0, 0, 0, 0, 0, 0, 0, },{0, 0, -0.00534608, -0.000616855, 0, 0.000822473, 0, 0, 0, },{0, 0, 0, 0, 0, 0, 0, 0, 0, },{0, 0, 0, 0, 0, 0, 0, 0, 0, },{0, 0, 0, 0, 0, 0, 0, 0, 0, },}
C: {{0, 0, 0, 0, 0, 0, 0, 0, 0, },{0, 0.000120732, -0.000362195, 6.03659e-05, 0, 0, 1.60557e-13, -1.60557e-13, 0, },{0, -0.000362195, 0.00289756, 0, 0, 0.000362195, 0, -1.60557e-13, 0, },{0, 6.03659e-05, 0, 0.000241464, 0, 6.03659e-05, -1.60557e-13, 3.21115e-13, -1.60557e-13, },{0, 0, 0, 0, 0, 0, 0, 0, 0, },{0, 0, 0.000362195, 6.03659e-05, 0, 0.000120732, 0, -1.60557e-13, 1.60557e-13, },{0, 1.60557e-13, 0, -1.60557e-13, 0, 0, -6.8633e-13, 6.8633e-13, 0, },{0, -1.60557e-13, -1.60557e-13, 3.21115e-13, 0, -1.60557e-13, 6.8633e-13, -1.37266e-12, 6.8633e-13, },{0, 0, 0, 0, 0, 0, 0, 6.8633e-13, -6.8633e-13, },}
M_cc: {{0.000822473, 0.00534608, -0.000616855, 0, 0, 0, 0, },{0.00534608, 0.256612, 0, -0.00534608, 0, 0, 0, },{-0.000616855, 0, 0.00164495, -0.000616855, 0, 0, 0, },{0, -0.00534608, -0.000616855, 0.000822473, 0, 0, 0, },{0, 0, 0, 0, 0, 0, 0, },{0, 0, 0, 0, 0, 0, 0, },{0, 0, 0, 0, 0, 0, 0, },}
K_cc: {{120.732, -362.195, 60.3659, 0, 1.60557e-07, -1.60557e-07, 0, },{-362.195, 2897.56, 0, 362.195, 0, -1.60557e-07, 0, },{60.3659, 0, 241.464, 60.3659, -1.60557e-07, 3.21115e-07, 0, },{0, 362.195, 60.3659, 120.732, 0, -1.60557e-07, 0, },{1.60557e-07, 0, -1.60557e-07, 0, -6.8633e-07, 6.8633e-07, 0, },{-1.60557e-07, -1.60557e-07, 3.21115e-07, -1.60557e-07, 6.8633e-07, -1.37266e-06, 6.8633e-07, },{0, 0, -1.60557e-07, 1.60557e-07, 0, 6.8633e-07, -6.8633e-07, },}
C_cc: {{0.000120732, -0.000362195, 6.03659e-05, 0, 1.60557e-13, -1.60557e-13, 0, },{-0.000362195, 0.00289756, 0, 0.000362195, 0, -1.60557e-13, 0, },{6.03659e-05, 0, 0.000241464, 6.03659e-05, -1.60557e-13, 3.21115e-13, 0, },{0, 0.000362195, 6.03659e-05, 0.000120732, 0, -1.60557e-13, 0, },{1.60557e-13, 0, -1.60557e-13, 0, -6.8633e-13, 6.8633e-13, 0, },{-1.60557e-13, -1.60557e-13, 3.21115e-13, -1.60557e-13, 6.8633e-13, -1.37266e-12, 6.8633e-13, },{0, 0, -1.60557e-13, 1.60557e-13, 0, 6.8633e-13, -6.8633e-13, },}