
y: {1947.026972, -0.000001, -8220.757366, 14494.487761, 0.000000, 0.000000, 0.000000, }
vel: {385253.652983, -0.000199, -1626626.891191, 2868000.129398, 0.000000, 0.000000, 0.000000, }
acel: {76229681.365422, -0.039348, -321858668.313318, 567487655.261214, 0.000000, 0.000000, 0.000000, }