P1: {{120.942, -360.847, 60.2106, 0, 1.6056e-07, -1.6056e-07, 0, },{-360.847, 2962.61, 0, 360.847, 0, -1.6056e-07, 0, },{60.2106, 0, 241.884, 60.2106, -1.6056e-07, 3.2112e-07, 0, },{0, 360.847, 60.2106, 120.942, 0, -1.6056e-07, 0, },{1.6056e-07, 0, -1.6056e-07, 0, -6.86341e-07, 6.86341e-07, 0, },{-1.6056e-07, -1.6056e-07, 3.2112e-07, -1.6056e-07, 6.86341e-07, -1.37268e-06, 6.86341e-07, },{0, 0, -1.6056e-07, 1.6056e-07, 0, 6.86341e-07, -6.86341e-07, },}
P5: {-259499, 2.60849e+06, 920707, -661207, -2.9704e-07, 9.6064e-07, -6.636e-07, }